51, 1
CDF
!Diameter CDF
2.9156e-04 0.0000e+00
3.5244e-04 3.0000e-04
4.1332e-04 6.0000e-04
4.7420e-04 1.8000e-03
5.3508e-04 5.6000e-03
5.9596e-04 1.1700e-02
6.5684e-04 2.2200e-02
7.1773e-04 4.1000e-02
7.7861e-04 6.8800e-02
8.3949e-04 1.0680e-01
9.0037e-04 1.6010e-01
9.6125e-04 2.1930e-01
1.0221e-03 2.8270e-01
1.0830e-03 3.4030e-01
1.1439e-03 3.9300e-01
1.2048e-03 4.3620e-01
1.2657e-03 4.7050e-01
1.3265e-03 4.9750e-01
1.3874e-03 5.1770e-01
1.4483e-03 5.3560e-01
1.5092e-03 5.5000e-01
1.5701e-03 5.6620e-01
1.6309e-03 5.8420e-01
1.6918e-03 6.0640e-01
1.7527e-03 6.3330e-01
1.8136e-03 6.5800e-01
1.8745e-03 6.8720e-01
1.9354e-03 7.1900e-01
1.9962e-03 7.4860e-01
2.0571e-03 7.8060e-01
2.1180e-03 8.0980e-01
2.1789e-03 8.4010e-01
2.2398e-03 8.6640e-01
2.3006e-03 8.9100e-01
2.3615e-03 9.1000e-01
2.4224e-03 9.2820e-01
2.4833e-03 9.4320e-01
2.5442e-03 9.5540e-01
2.6051e-03 9.6670e-01
2.6659e-03 9.7640e-01
2.7268e-03 9.8450e-01
2.7877e-03 9.8880e-01
2.8486e-03 9.9140e-01
2.9095e-03 9.9440e-01
2.9703e-03 9.9590e-01
3.0312e-03 9.9730e-01
3.0921e-03 9.9800e-01
3.1530e-03 9.9880e-01
3.2139e-03 9.9940e-01
3.2747e-03 9.9970e-01
3.3356e-03 1.0000e+00
